
# MAIN ACCOUNT CREDENTIALS

ACCOUNT_ID=0.0.3885331
ACCOUNT_PBKEY=302a300506032b6570032100bbc32968069bdec8acb4905bf4fc0fbfba78a72b99f137e3861b5031051e6e29
ACCOUNT_PVKEY=302e020100300506032b6570042204208abddc7758bd2a4241a147c90a4354f6c09356878a8b0784f24df90010433234 


# /////////////////////////////////////////////////////////////////////////////////////////////////////////////

# ==========================ACCOUNT 1 CREDENTIALS=================================

ACCOUNT1_ID = 0.0.4037272
ACCOUNT1_PBKEY = 302a300506032b65700321004e8bce94d63015c26ac280e7d99e46444fe2b9353369c5b04e4a763809a5a781
ACCOUNT1_PVKEY = 302e020100300506032b657004220420c99f3df5f29d1d5773ad07bb08166b2771bdd3cdad2871e399e298423117a64b


# ==========================ACCOUNT 2 CREDENTIALS=================================


ACCOUNT2_ID = 0.0.4037273
ACCOUNT2_PBKEY = 302a300506032b6570032100352db09e380611c79409e14e31b5faeaf59710c46c809a30206b8e90c4bf1035
ACCOUNT2_PVKEY = 302e020100300506032b657004220420d6b78a73f9b2ec2266836cc3c0ac1055b0417d1d15b74120031ddbd8764be81b


# ==========================ACCOUNT 3 CREDENTIALS=================================


ACCOUNT3_ID = 0.0.4037274
ACCOUNT3_PBKEY = 302a300506032b65700321003c98cfdc880dcfb076ec800a34c650023fc96f154a8c05041ec94cbc8c62c28d
ACCOUNT3_PVKEY = 302e020100300506032b6570042204201e28ef349439f2799417f3827d07934ecb84b301cebaba121cd768492a3fcb20



# ==========================ACCOUNT 4 CREDENTIALS=================================


ACCOUNT4_ID = 0.0.4037275
ACCOUNT4_PBKEY = 302a300506032b6570032100e5a9c61e8198be7f519d001c433700448d14c9682955c41130bc1c76726489da
ACCOUNT4_PVKEY = 302e020100300506032b6570042204202495c5cdb9ba88f509e7be22a01a536deaf577beaae0d066175ee3c23abb8551


# ==========================ACCOUNT 5 CREDENTIALS=================================


ACCOUNT5_ID = 0.0.4037276
ACCOUNT5_PBKEY = 302a300506032b657003210005b927a63e4277686c41048fb1971d907dad741ce7574375952b29da894d4217
ACCOUNT5_PVKEY = 302e020100300506032b657004220420109d57117e90b55a6eed55b639951c15f56909d3ee3a926ed944d81be230c192




TOPIC_ID = 0.0.4039709

TOKEN_ID = 0.0.4038264

SCHEDULED_ID = 0.0.4039353

SCHEDULED_TXN_ID = 0.0.4037272@1681121503.464370182

CONTRACT_ID = 0.0.4039207